9.34538 11.3354 15.2773 6.96973 6.72934 0.245246
9.35428 11.377 15.2576 2.90988 4.76126 1.61109
9.3651 11.4216 15.2389 -0.667561 1.63353 2.2988
9.37554 11.4672 15.2217 -3.1161 -1.70842 1.87986
9.38401 11.5118 15.2057 -4.35519 -4.25726 1.07157
9.38966 11.5536 15.1904 -5.07739 -5.47362 1.1176
9.39197 11.5919 15.176 -5.97495 -5.14379 2.67779
9.39036 11.627 15.1634 -7.11871 -3.38279 5.40574
9.38411 11.6599 15.1543 -8.0848 -0.948271 8.24928
9.37259 11.6921 15.1505 -8.58619 1.0304 10.2313
9.35548 11.725 15.1534 -8.42968 1.6056 10.9638
9.3329 11.7589 15.1634 -7.1756 0.281476 10.3955
9.30568 11.7929 15.1801 -4.51754 -2.53333 8.49054
9.2755 11.8253 15.2023 -1.37619 -5.32378 5.63559
9.24431 11.8544 15.2283 0.420114 -6.75129 3.00626
9.21324 11.8791 15.2563 0.182818 -6.45971 1.79785
9.18223 11.8997 15.2857 -0.569466 -4.3787 2.1449
9.15088 11.9176 15.3165 0.133033 -1.02117 2.80858
9.11965 11.9348 15.3491 2.08705 1.93097 2.67085
9.08968 11.9532 15.3835 3.09317 2.90734 1.9717
9.06157 11.9734 15.4192 1.71045 1.51848 0.871194
9.03447 11.9945 15.4555 -0.850694 -1.54368 -1.70992
9.00689 12.0146 15.4906 -1.53714 -4.84114 -5.76773
8.97838 12.0316 15.522 -0.0137052 -7.26586 -8.53641
8.94978 12.044 15.5481 0.728504 -8.36082 -7.59829
8.92155 12.0511 15.5695 0.757277 -6.26644 -3.73635
8.89393 12.0543 15.5884 3.62836 -0.0195381 -0.858102
8.86873 12.0576 15.6065 8.10283 6.73103 -1.36049
8.84855 12.065 15.6238 8.28881 9.97142 -3.1992
8.83342 12.0788 15.6389 2.92132 7.93549 -5.74168
8.82029 12.0975 15.6503 -0.358821 1.84237 -10.0083
8.80729 12.1175 15.6551 2.981 -3.0527 -13.0195
8.79611 12.1358 15.6517 4.73878 -5.02046 -12.3017
8.78768 12.1509 15.6404 1.26828 -5.25123 -7.18733
8.78027 12.1628 15.6246 1.2194 -2.49312 1.12381
8.77392 12.1731 15.6094 5.7159 1.33827 6.86926
8.77103 12.1842 15.5984 5.90401 2.07624 10.0286
8.77167 12.1964 15.594 0.0106912 -1.90436 12.0536
8.77229 12.2072 15.5972 -6.37777 -7.66524 9.93517
8.76904 12.2133 15.6067 -7.47417 -9.57406 3.79932
8.76112 12.2133 15.6187 -4.47932 -7.69417 -1.08188
8.75022 12.2082 15.6303 -2.1921 -7.27408 -2.5931
8.73773 12.1982 15.6403 -2.39557 -9.92454 -1.26648
8.72361 12.1817 15.6496 -3.67313 -11.9813 2.72864
8.70715 12.1576 15.6608 -3.36904 -9.47414 7.22306
8.68858 12.1274 15.6765 -1.3234 -3.44124 8.7728
8.66905 12.095 15.6979 -0.349142 1.6077 6.96054
8.64912 12.0632 15.7237 -1.85521 2.40514 3.56221
8.62801 12.0328 15.7518 -2.21584 -0.785111 -0.33713
8.60569 12.0019 15.7799 1.93793 -3.99708 -3.36551
8.58461 11.9684 15.8058 6.14259 -4.92323 -4.83936
8.56725 11.9317 15.8287 5.7752 -4.35139 -4.99261
8.55359 11.8923 15.8485 4.51306 -1.50197 -3.28629
8.54313 11.8519 15.8661 7.4434 2.47996 -1.27447
8.53755 11.8129 15.8828 10.7562 4.29674 -0.977088
8.53881 11.7766 15.8988 10.9903 3.37946 -1.60245
8.54721 11.7424 15.9139 10.1344 0.941927 -1.84406
8.56228 11.7088 15.9278 9.46184 -0.965632 -1.22723
8.58343 11.6746 15.9409 6.68969 -1.08594 -0.199088
8.60883 11.6398 15.9539 1.01209 1.09852 0.562319
8.63494 11.6058 15.9673 -4.33234 5.51846 1.2422
8.65845 11.5753 15.9815 -6.45219 9.72719 2.3404
8.67788 11.551 15.9973 -6.63361 11.0937 3.02673
8.69297 11.5337 16.015 -7.40359 9.70184 2.07443
8.7032 11.5226 16.034 -9.17044 6.82696 -0.48808
8.70747 11.516 16.0528 -10.3353 3.29391 -3.42828
8.70513 11.5115 16.0694 -9.06256 -0.0387611 -4.75725
8.69696 11.5071 16.0831 -5.77035 -1.87427 -3.01575
8.68495 11.5015 16.095 -3.14367 -1.41991 0.60037
8.67072 11.4951 16.1072 -2.84084 0.95188 2.75691
8.65452 11.4894 16.1211 -3.74936 3.93631 1.4935
8.63587 11.4861 16.1359 -3.94994 5.88221 -1.66997
8.61464 11.4866 16.1497 -2.80077 5.54368 -3.43878
8.59156 11.4905 16.1615 -0.796662 2.41031 -1.90926
8.56791 11.4959 16.1722 1.66245 -2.88149 1.3688
8.54528 11.4995 16.1837 4.29499 -8.24511 2.52083
8.52537 11.4978 16.1967 6.52994 -11.2955 -0.03531
8.50964 11.4888 16.2096 8.17638 -11.4746 -3.83242
8.49918 11.4724 16.2202 9.23885 -9.56959 -5.99837
8.49468 11.4498 16.227 9.1261 -5.9761 -5.48858
8.49605 11.4232 16.2303 7.4061 -1.42787 -3.20121
8.50224 11.3956 16.2315 5.12913 2.12111 -1.24798
8.51185 11.3691 16.2318 3.66098 3.74652 -0.80214
8.52395 11.345 16.2316 3.22959 4.44311 -1.65399
8.53823 11.3238 16.2302 3.44659 5.46926 -3.37824
8.55484 11.3061 16.2266 4.27118 7.14993 -4.94931
8.5743 11.293 16.2198 5.43074 8.76686 -4.91933
8.59731 11.2856 16.2099 5.6083 8.96254 -2.80897
8.6239 11.2839 16.1982 3.2463 6.84023 0.209005
8.65254 11.2865 16.1866 -1.4293 2.83045 2.16344
8.68031 11.291 16.1762 -6.04562 -1.352 2.49447
8.70428 11.2948 16.1675 -8.90265 -4.24153 2.75914
8.72255 11.2958 16.1606 -10.238 -5.89306 4.23147
8.73423 11.293 16.1565 -10.151 -6.88314 6.40335
8.7394 11.2857 16.1566 -8.0465 -7.13007 7.59276
8.73941 11.2738 16.1614 -4.22357 -6.1478 6.02858
8.73663 11.2579 16.1701 -0.652205 -3.64047 1.59574
8.73331 11.2397 16.1798 0.653263 0.0811004 -3.25226
8.73026 11.2215 16.1875 -0.641467 3.44756 -5.14201
8.72675 11.2054 16.1922 -2.6485 3.88501 -2.78542
8.72161 11.1916 16.1951 -2.72525 0.923384 1.2004
8.71478 11.1784 16.1986 -1.05119 -2.84603 3.33936
8.70722 11.1633 16.2043 -0.186207 -4.99524 3.05235
8.69944 11.1452 16.2119 -0.503411 -4.21788 1.98366
8.69151 11.1244 16.2208 2.34587 -0.642602 1.12733
8.68538 11.1032 16.2304 9.85574 2.45773 -0.357996
8.68555 11.0834 16.2397 14.9492 3.59896 -3.03269
8.69512 11.066 16.247 13.2945 4.24575 -5.93641
8.7132 11.0513 16.2506 8.11984 4.25184 -7.55638
8.73668 11.0394 16.2493 4.44227 3.22382 -6.9018
8.76318 11.0296 16.2435 2.83972 2.41444 -4.49283
8.79152 11.0214 16.2349 1.16169 2.96533 -1.94146
8.82055 11.0152 16.2249 -1.36269 4.82405 -0.628994
8.84867 11.0122 16.2144 -4.01194 6.78522 -0.930706
8.87418 11.0136 16.2033 -6.04412 6.71555 -2.1008
8.89574 11.0191 16.1909 -7.44909 3.33076 -2.49509
8.91243 11.0267 16.1769 -8.3085 -1.47164 -1.15458
8.92372 11.0335 16.1623 -8.19971 -4.94193 0.847195
8.92971 11.0371 16.1482 -6.67456 -5.91741 1.73784
8.93139 11.037 16.1351 -4.01255 -4.32756 0.794802
8.93044 11.0341 16.1225 -1.45123 -0.558885 -1.0488
8.92846 11.031 16.1094 -0.628755 4.20148 -1.79902
8.92593 11.0305 16.0952 -2.13152 7.06443 -0.0276099
8.92203 11.0345 16.0811 -3.58404 5.68727 3.04235
8.91596 11.0419 16.069 -2.00284 2.1006 5.00734
8.90873 11.0508 16.0601 1.69281 -0.40733 4.99402
8.90254 11.0595 16.0544 4.03722 -1.09051 3.08873
8.89884 11.0676 16.0506 3.42872 -0.420813 0.235338
8.89737 11.0754 16.0471 2.32804 0.941867 -1.01328
8.89755 11.0837 16.0432 3.48451 1.29746 0.454454
8.90001 11.0927 16.0395 4.68698 -0.202033 2.17793
8.90536 11.1015 16.0371 2.99 -2.81637 1.95837
8.91255 11.1084 16.036 -0.336986 -6.13697 -0.536609
8.91963 11.1113 16.0344 -1.32403 -9.24835 -3.76684
8.926 11.1083 16.0304 0.752847 -10.1406 -5.21834
8.93281 11.0988 16.0233 2.26912 -8.47509 -3.68296
8.94094 11.0838 16.0139 1.3456 -5.64356 0.6734
8.94986 11.0653 16.005 -0.873902 -2.4515 5.56953
8.95821 11.0452 15.9996 -2.46797 1.42652 7.8973
8.96502 11.0262 15.9992 -2.24332 5.6835 6.54962
8.97043 11.0108 16.003 -0.407795 8.67244 2.67941
8.97555 11.001 16.0085 1.34445 8.97118 -1.17087
8.98144 10.997 16.0133 1.21592 6.65942 -2.87431
8.98798 10.9973 16.0163 -0.904067 2.58134 -2.22606
8.9939 10.9991 16.018 -3.26979 -2.05961 -0.462282
8.99774 10.9998 16.0193 -4.21477 -5.51508 0.880984
8.99889 10.9969 16.0211 -3.63482 -6.54333 0.969784
8.99771 10.9899 16.0235 -2.31535 -5.19055 0.033018
8.99502 10.9796 16.0259 -0.979529 -2.31338 -0.971538
8.99168 10.9679 16.0277 0.00735727 0.946553 -1.26887
8.98833 10.9567 16.0287 0.456983 3.5234 -0.938379
8.98525 10.9479 16.0291 0.204659 4.97441 -0.739679
8.9823 10.9423 16.029 -0.316648 5.7652 -1.15923
8.97924 10.9405 16.0281 0.930491 6.35168 -1.57007
8.97697 10.9427 16.0262 5.02194 5.3155 -1.03539
8.97794 10.9483 16.0237 8.26376 1.32574 0.29425
8.98406 10.9546 16.0214 7.14408 -4.4817 1.15076
8.99465 10.9579 16.0197 2.86196 -10.0162 0.0612014
9.00709 10.9549 16.018 -1.37081 -13.3346 -1.79778
9.01859 10.9433 16.0153 -5.83354 -13.3893 -1.40857
9.02615 10.9232 16.0118 -11.9179 -9.32834 0.668543
9.02601 10.8973 16.0086 -16.0155 -1.40326 0.906599
9.01573 10.8705 16.0059 -14.2943 6.57785 -1.81788
8.99635 10.848 16.0019 -8.6463 11.3112 -5.52414
8.97139 10.8326 15.9944 -2.45878 12.6546 -7.9454
8.94488 10.8255 15.9818 4.27984 11.0838 -7.91059
8.92132 10.8254 15.9642 12.6356 7.92389 -6.45094
8.90595 10.8306 15.9424 18.7518 5.43756 -5.18019
8.90245 10.8395 15.9172 17.6292 4.70071 -3.42169
8.91009 10.8515 15.8899 9.50968 6.07457 -0.75254
8.92388 10.8675 15.8621 0.417819 9.20643 1.21744
8.93817 10.8895 15.8351 -4.38018 11.3351 2.07476
8.94974 10.9187 15.8095 -6.30587 10.2456 3.29024
8.95718 10.9545 15.7861 -7.78343 7.0045 5.32861
8.95959 10.9947 15.7663 -8.24066 3.57668 7.51091
8.9567 11.0373 15.7513 -6.94861 1.26478 9.07359
8.94932 11.0808 15.7422 -4.88205 0.427356 9.50066
8.93873 11.1245 15.7393 -3.37548 0.642997 8.55672
8.9259 11.1686 15.7419 -2.63257 1.30177 6.46425
8.91135 11.2136 15.7487 -2.07927 2.00829 3.96071
8.89547 11.2598 15.7581 -1.3268 2.31666 2.13636
8.87874 11.3074 15.769 -0.595693 1.54802 1.6615
8.86161 11.3559 15.781 -0.271295 -0.653292 2.02681
8.84429 11.4038 15.7943 -0.340556 -3.69444 1.83569
8.82676 11.4494 15.8087 -0.590796 -6.13866 0.326146
8.80884 11.491 15.8233 -0.906819 -6.909 -1.77544
8.79034 11.5282 15.8367 -1.16426 -6.07751 -3.17339
8.77111 11.5615 15.8482 -1.1329 -4.53058 -3.32468
8.75115 11.5917 15.8575 -0.831265 -3.108 -2.65595
8.73065 11.6199 15.8651 -0.551819 -2.20689 -1.8301
8.70978 11.6466 15.8714 -0.465149 -1.72817 -1.16912
8.6886 11.6722 15.877 -0.422333 -1.33018 -0.654101
8.66715 11.697 15.8822 -0.149891 -0.69033 -0.191693
8.64562 11.7213 15.8872 0.542881 0.190384 0.15961
8.62446 11.7458 15.8924 1.6986 1.00157 0.201151
8.60441 11.7708 15.8976 3.11346 1.32371 -0.180255
8.58638 11.7968 15.9027 4.34029 0.935697 -0.826619
8.57114 11.8233 15.9073 4.84716 -0.0192168 -1.39624
8.55901 11.8498 15.911 4.38018 -0.990198 -1.67103
8.5497 11.8758 15.9136 3.4166 -1.24439 -1.82232
8.54264 11.901 15.915 2.78211 -0.427581 -2.15942
8.53742 11.926 15.915 2.79298 1.1084 -2.6397
8.53403 11.9518 15.9133 2.76445 2.52168 -2.67163
8.53239 11.9791 15.9099 1.96405 2.92763 -1.43272
8.53201 12.0084 15.9056 0.551124 1.68102 1.22887
8.53199 12.0387 15.9022 -0.7104 -0.973101 4.23496
8.53155 12.0684 15.9014 -1.3969 -3.81552 5.96054
8.53021 12.0957 15.9044 -1.50923 -5.69016 5.52855
8.52792 12.1194 15.911 -1.0627 -6.5859 3.32164
8.52494 12.1388 15.9197 -0.386885 -7.40074 0.730685
8.52167 12.1534 15.929 -0.361773 -8.55838 -0.876567
8.51811 12.1624 15.9378 -1.30713 -9.1502 -1.48753
8.51367 12.1656 15.9456 -2.43464 -8.1869 -2.16849
8.50765 12.1635 15.9519 -3.20091 -5.58063 -3.59562
8.49952 12.1578 15.9559 -3.8837 -2.01793 -5.72201
8.48882 12.1507 15.9562 -5.00375 1.22677 -8.13888
8.47479 12.1443 15.9511 -6.26157 2.56254 -9.85786
8.45673 12.1395 15.9397 -5.88035 1.67214 -9.5764
8.43491 12.1357 15.9221 -2.95501 0.00411739 -7.78512
8.41114 12.1319 15.8993 0.744771 -1.31264 -6.09532
8.38771 12.1273 15.8725 2.72627 -2.16858 -4.87426
8.36586 12.1213 15.8424 2.15728 -2.11065 -3.5976
8.34532 12.114 15.8099 0.469314 -0.369617 -2.15807
8.3251 12.1065 15.7759 -0.0920338 2.39928 -0.673368
8.30484 12.1004 15.7414 0.38156 4.08578 1.29692
8.28471 12.0969 15.7077 -0.104872 3.61666 3.80505
8.2644 12.0957 15.6764 -1.88605 1.46456 6.0832
8.24281 12.0955 15.6489 -3.38799 -1.20338 7.62923
8.21903 12.0944 15.6264 -3.31845 -3.09074 8.81763
8.19308 12.0915 15.6095 -1.79859 -3.49258 10.3955
8.16591 12.0863 15.5995 0.201037 -2.52537 12.7288
8.13876 12.0795 15.5978 1.73935 -0.571908 15.4891
8.11261 12.0723 15.6062 2.28076 2.20268 17.6547
8.08784 12.0666 15.6261 2.13191 5.62961 17.8019
8.06439 12.0645 15.6576 2.1353 8.74836 14.9873
8.04228 12.0681 15.6988 2.45456 9.806 9.72674
8.02171 12.0779 15.7465 2.62258 8.0546 3.97269
8.00282 12.0929 15.797 3.17547 4.67377 -0.56768
7.98601 12.1111 15.8473 4.5099 1.49377 -4.07116
7.97207 12.1303 15.8951 5.25499 -0.89371 -8.0098
7.96143 12.149 15.9377 4.15416 -3.23972 -13.5337
7.95337 12.1656 15.9714 1.02671 -6.42996 -20.9647
7.94589 12.178 15.9915 -3.4428 -10.1034 -28.7873
7.9362 12.1839 15.993 -6.76252 -11.6026 -31.9748
7.92232 12.1825 15.9741 -5.19754 -9.23747 -25.8755
7.90529 12.175 15.9385 1.48108 -5.81081 -13.5915
7.88921 12.1637 15.8939 8.73015 -4.29935 -1.77485
7.87856 12.1494 15.8479 11.4913 -4.47569 6.9741
7.87504 12.132 15.8062 7.52366 -5.42852 13.2542
7.87625 12.111 15.7729 0.320751 -7.99188 17.7309
7.878 12.0847 15.7511 -1.23291 -10.4148 20.256
7.87915 12.0519 15.7423 0.465306 -7.35097 19.5248
7.88027 12.0143 15.7461 -3.02853 -1.00365 15.4015
7.87943 11.976 15.7599 -6.16403 4.8598 9.28765
7.87499 11.9406 15.7798 -1.70818 9.33912 3.65901
7.86969 11.9112 15.8023 7.6686 11.1278 1.43547
7.86927 11.8888 15.826 14.9285 9.94312 2.8591
7.87836 11.8726 15.8518 17.2979 5.35686 5.61236
7.89854 11.8598 15.8811 15.0641 -1.72375 5.81352
7.92846 11.846 15.9141 9.88405 -7.35179 1.89164
7.96487 11.8275 15.9482 4.04936 -9.11733 -3.45702
8.00402 11.8032 15.9803 -0.984575 -7.59688 -6.6785
8.04265 11.774 16.0083 -4.774 -3.5777 -6.1697
8.07828 11.7426 16.0324 -6.82833 2.89835 -3.71084
8.10962 11.7131 16.0539 -6.56708 10.3372 -3.8301
8.13675 11.6901 16.0727 -5.21888 15.0764 -8.18585
8.1604 11.6768 16.0861 -5.48496 15.401 -12.9364
8.18038 11.6734 16.0913 -7.45476 12.691 -13.7782
8.19557 11.6783 16.0878 -7.92098 9.26486 -10.06
8.20577 11.6892 16.0777 -5.26048 6.60648 -5.00476
8.21257 11.7045 16.0642 -1.59881 4.57419 -1.69346
8.21824 11.7228 16.0496 0.384899 2.76729 -0.729692
8.22404 11.743 16.0343 0.068679 1.61561 -1.31752
8.22983 11.7642 16.0182 -0.953643 1.65399 -2.2142
8.23507 11.7866 16.0007 -0.948155 2.54584 -2.02276
8.23971 11.8106 15.982 -0.242212 3.61932 -0.395662
8.24417 11.837 15.9631 0.0827797 4.75296 1.74219
8.24864 11.8664 15.9453 -0.457087 5.60102 3.59693
8.25274 11.8993 15.9299 -2.05994 4.90286 5.02469
8.25544 11.9353 15.9178 -4.42178 1.55977 5.81647
8.2553 11.9721 15.9094 -5.85248 -3.44594 5.69136
8.2515 12.0066 15.9048 -4.39088 -7.15675 5.3404
8.24495 12.0366 15.9036 -0.919394 -7.38169 5.54795
8.23776 12.0619 15.9062 1.64058 -4.9856 5.69958
8.23154 12.0839 15.9123 2.07977 -1.99188 4.61998
8.22661 12.1045 15.9214 1.19721 0.714805 1.75793
8.22251 12.1255 15.9315 0.775279 3.29015 -2.22737
8.21903 12.1486 15.9402 2.22125 5.53698 -5.43879
8.21706 12.1752 15.9455 4.81009 6.34203 -6.29735
8.2182 12.2057 15.9467 6.53043 5.20719 -4.96747
8.22351 12.2396 15.9447 6.82156 3.05315 -2.64139
8.23323 12.2753 15.941 6.36012 1.27046 -0.651911
8.24706 12.3118 15.9369 5.49784 0.747004 -0.0337254
8.2644 12.3488 15.9326 4.19043 1.37272 -1.28485
8.28444 12.3866 15.9274 2.83612 2.32218 -4.15632
8.30631 12.4258 15.9194 2.15874 2.97247 -7.65091
8.32959 12.4668 15.9066 2.29326 3.16762 -10.5014
8.35432 12.5098 15.8869 2.5819 2.93636 -11.7692
8.38066 12.5546 15.8598 2.30472 2.10569 -10.8865
8.4084 12.6006 15.8257 1.23695 0.271215 -7.5612
8.43685 12.6466 15.7869 -0.408304 -2.60573 -2.02705
8.46494 12.6908 15.7469 -2.4115 -5.722 4.55596
8.49137 12.7312 15.7099 -4.61309 -8.04556 10.653
8.51473 12.7662 15.68 -6.54451 -9.12609 15.0494
8.5338 12.7953 15.6598 -7.42402 -8.92832 16.8514
8.54802 12.8185 15.6505 -7.31734 -7.40934 15.8147
8.55743 12.8369 15.6515 -7.1822 -4.88975 12.8518
8.5621 12.852 15.6608 -7.17521 -2.59865 9.25627
8.5621 12.8653 15.6762 -6.79663 -1.81917 5.73703
8.55767 12.8773 15.6953 -6.11243 -2.90267 2.94573
8.54929 12.8872 15.7163 -5.26456 -5.04609 1.61794
8.53751 12.8938 15.7383 -4.01829 -6.84006 1.62058
8.52319 12.8961 15.7613 -2.26572 -7.52245 2.03495
8.50747 12.8934 15.7856 -0.198748 -7.23192 2.10358
8.49168 12.8861 15.8111 1.98047 -6.48297 1.63389
8.47725 12.8745 15.8376 4.22606 -5.72398 0.771208
8.46565 12.8593 15.8644 6.63713 -5.19927 -0.285444
8.45842 12.8407 15.8909 9.10704 -4.95679 -1.32173
8.45714 12.8189 15.9165 11.0167 -5.07619 -1.9684
8.46297 12.7939 15.9408 11.3361 -5.76352 -1.97296
8.47605 12.7652 15.9637 9.31848 -6.41949 -1.66422
8.49507 12.7326 15.9854 5.73198 -5.17053 -1.84773
8.51781 12.6968 16.0057 2.96275 -1.05989 -2.85804
8.54251 12.6606 16.0241 2.18212 3.97807 -4.15382
8.56858 12.6269 16.0398 1.96317 7.21332 -5.24053
8.59579 12.5979 16.0519 0.729741 7.15258 -5.88935
8.6234 12.5735 16.0603 -0.468106 4.00652 -5.54228
8.65078 12.5517 16.0651 1.41627 0.855097 -3.61857
8.67917 12.5308 16.0676 5.9359 0.860127 -1.22915
8.71127 12.5105 16.0691 8.87361 2.25274 -0.0137683
8.74885 12.4917 16.0706 7.73298 2.25018 -0.0615526
8.79117 12.4744 16.0721 2.99211 1.65219 -1.10903
8.83535 12.4583 16.0727 -1.43823 3.30688 -2.94037
8.87874 12.4446 16.0714 -1.30882 6.73798 -4.33774
8.92134 12.4351 16.0674 1.69319 8.55494 -4.30163
8.96491 12.4312 16.0606 3.77794 8.07763 -3.14905
9.01076 12.4325 16.0519 3.77876 6.42149 -1.4312
9.0589 12.4379 16.0422 1.84075 4.16305 0.636741
9.10811 12.446 16.033 -1.60009 0.956268 3.0149
9.15619 12.4546 16.0257 -5.18076 -3.80195 5.42265
9.20094 12.4607 16.022 -6.95062 -9.49078 7.19752
9.24122 12.4606 16.0229 -6.84876 -14.1838 7.52845
9.27698 12.4514 16.0286 -7.0885 -16.3935 6.44554
9.30799 12.4317 16.0386 -9.14533 -15.1599 5.6427
9.33299 12.4022 16.0523 -11.6958 -10.6027 7.18694
9.35045 12.3659 16.0709 -12.3296 -4.78054 10.2189
9.35997 12.3264 16.0961 -10.59 0.194382 11.9415
9.36264 12.2869 16.1289 -7.8006 3.32538 11.0963
9.36018 12.2494 16.169 -5.28265 4.55357 8.42355
9.35422 12.2149 16.2145 -3.60499 4.41716 5.23155
9.34585 12.1831 16.2635 -2.91532 3.68088 2.33026
9.33551 12.1538 16.3141 -3.20878 3.02428 -0.163157
9.32303 12.1264 16.3646 -4.12263 2.78919 -2.91206
9.30785 12.1009 16.4132 -4.73603 2.79164 -6.92893
9.28962 12.0771 16.4572 -4.14071 2.3989 -12.549
9.26872 12.0548 16.4931 -2.27066 1.20442 -18.6126
9.24635 12.0332 16.517 0.403107 -0.268545 -22.5388
9.22423 12.0115 16.5264 3.87557 -0.963471 -22.1951
9.20466 11.9892 16.5215 8.00097 -0.414123 -18.2883
9.19023 11.9666 16.5046 11.2182 1.03496 -13.3688
9.18298 11.9446 16.479 11.9637 3.05625 -8.96659
9.18342 11.9247 16.4473 10.3424 5.2982 -5.42523
9.19055 11.9081 16.412 7.04015 6.84993 -2.87795
9.20223 11.8959 16.3747 2.25999 6.60773 -1.46353
9.21539 11.8878 16.3363 -2.90935 4.21248 -0.869529
9.22677 11.8824 16.2972 -6.43275 0.726443 0.135078
9.23408 11.8776 16.2582 -7.85894 -1.8305 2.58793
9.23631 11.8716 16.2209 -8.58967 -2.1024 6.42241
9.23291 11.8644 16.1877 -9.43712 -0.052424 11.204
9.22335 11.8572 16.1617 -9.7569 3.19287 16.4244
9.20745 11.852 16.1464 -8.4805 6.08857 20.5255
9.18607 11.8508 16.1443 -5.15571 8.04641 21.0381
9.1613 11.8547 16.1557 -0.631754 9.09847 17.6025
9.13598 11.8646 16.1787 2.7143 8.43447 13.2441
9.11218 11.8799 16.2105 2.66988 5.37849 10.5578
9.08988 11.8986 16.2493 -0.293963 0.748395 8.59183
9.06732 11.918 16.2939 -3.51107 -3.73613 5.3666
9.04248 11.935 16.342 -5.0731 -6.39508 1.10402
9.01432 11.948 16.391 -5.17537 -6.56456 -2.50847
8.9827 11.9569 16.4387 -4.49058 -4.6871 -4.46808
8.94811 11.9628 16.4836 -2.64602 -1.71177 -4.86484
8.91177 11.9676 16.5256 0.991446 1.32338 -4.76746
8.87604 11.9733 16.5645 5.92464 3.44884 -5.3537
8.8441 11.9811 16.6 11.0759 4.20285 -6.41159
8.81927 11.9917 16.6314 15.3223 3.9825 -6.99835
8.80426 12.0048 16.6583 16.8808 3.22926 -7.18227
8.80003 12.0201 16.6806 13.9579 1.79702 -7.90323
8.80468 12.0366 16.6977 6.75581 0.103445 -10.5092
8.81379 12.0533 16.7079 0.0441449 0.0550829 -14.5727
8.82328 12.0702 16.7087 -1.15026 1.46599 -16.2438
8.83219 12.088 16.699 0.477425 2.01292 -14.5434
8.84137 12.1071 16.6799 1.04415 1.70535 -11.9109
8.85115 12.1274 16.6528 -0.582893 0.998804 -9.75002
8.86047 12.1484 16.6193 -4.10208 -0.829651 -7.56398
8.8672 12.1688 16.5808 -6.28972 -3.7742 -3.47468
8.87007 12.1869 16.5401 -4.28721 -5.07792 2.1807
8.87015 12.2018 16.5007 -1.85791 -3.79722 7.02215
8.86884 12.2143 16.4657 -2.77636 -1.97227 10.7637
8.86557 12.2256 16.4376 -5.95606 -0.129899 13.3038
8.85849 12.2368 16.4181 -7.72676 2.54524 13.4604
8.84656 12.2497 16.4072 -5.57376 5.68121 11.6138
8.83107 12.2663 16.4039 -1.6723 7.73484 10.1249
8.81431 12.2878 16.4074 -0.726804 7.82265 9.5125
8.79684 12.3144 16.4169 -3.67943 5.20813 7.44941
8.77698 12.3442 16.4312 -6.05171 0.0836163 2.86744
8.75345 12.3741 16.4474 -3.20844 -4.21853 -1.40425
8.72798 12.4015 16.4628 2.20659 -4.80619 -3.00699
8.70377 12.4259 16.4764 4.47033 -3.52587 -3.17529
8.68225 12.4479 16.4878 2.4212 -1.893 -3.09903
8.66232 12.4688 16.4973 0.366809 1.4347 -2.31864
8.64291 12.4906 16.5053 2.76145 5.32573 -1.19938
8.6254 12.5158 16.5124 6.70687 6.279 -0.916127
8.61214 12.5448 16.5189 8.12131 3.99424 -1.25083
8.60409 12.5763 16.5245 7.40178 0.0819956 -1.94266
8.60087 12.6079 16.5289 6.39582 -3.61854 -3.21929
8.60183 12.6371 16.5311 5.20743 -5.56931 -5.02757
8.60613 12.6628 16.5299 3.02536 -5.03027 -7.54156
8.61238 12.6853 16.5238 0.53508 -1.88253 -10.5533
8.61904 12.7066 16.511 -0.861819 2.88589 -11.9652
8.62516 12.7297 16.4905 -1.54691 6.88751 -9.6374
8.63023 12.7572 16.4639 -2.63364 7.88451 -4.06929
8.63358 12.7895 16.4348 -3.40641 4.97535 1.74119
8.63481 12.8248 16.4066 -2.29481 -0.442694 4.10363
8.6346 12.8599 16.381 -0.043785 -5.0791 2.40335
8.63429 12.8917 16.3569 0.878224 -7.15721 0.194113
8.63446 12.9189 16.3332 0.0309316 -7.02748 0.620237
8.63465 12.9416 16.3101 -0.801048 -5.08621 3.34783
8.63438 12.9609 16.2891 -0.557144 -2.05783 5.93145
8.63375 12.9788 16.272 -0.198271 0.553622 6.71941
8.63292 12.997 16.2592 -1.12355 1.49325 5.70138
8.63128 13.016 16.2501 -3.47559 0.162006 3.59239
8.62738 13.0349 16.2434 -5.57497 -3.1508 1.53177
8.61997 13.0518 16.2378 -5.43054 -6.61252 0.872215
8.60914 13.0644 16.2328 -3.34907 -8.09944 1.77488
8.59612 13.0719 16.229 -1.33192 -7.41144 2.97605
8.58219 13.0745 16.2271 -0.571823 -5.55022 3.40359
8.56785 13.0735 16.2274 -0.75191 -2.9476 2.88233
8.55307 13.0707 16.2295 -0.565635 0.142223 2.07219
8.538 13.0679 16.2331 0.46184 2.46263 2.44947
8.52323 13.0666 16.2383 1.0944 2.67112 5.19729
8.50912 13.067 16.2471 0.384443 0.709874 9.32923
8.49525 13.0677 16.2618 -1.17894 -2.78457 11.5635
8.48065 13.0666 16.2838 -2.12687 -6.55945 9.06782
8.46478 13.0612 16.3115 -1.5275 -9.00252 2.63751
8.44796 13.0501 16.3408 -0.609826 -9.98442 -3.81221
8.43068 13.0326 16.3679 -0.967267 -9.45953 -6.27839
8.41278 13.0091 16.3911 -1.78869 -5.50738 -3.24481
8.39381 12.9822 16.4122 -1.26295 1.48525 1.4371
8.37409 12.9561 16.434 0.118596 6.18359 2.76086
8.35452 12.9339 16.4575 2.58617 5.08298 1.40727
8.33675 12.9148 16.4819 6.07654 1.17402 0.241357
8.32278 12.8965 16.5064 5.92227 -3.33101 -0.597227
8.31237 12.8761 16.5304 -0.295532 -7.52976 -2.78127
8.3017 12.8511 16.5525 -7.78311 -6.82047 -5.7752
8.28631 12.8219 16.5709 -9.03033 -0.302663 -5.72481
8.26535 12.7926 16.5858 -5.03624 6.03409 -2.70466
8.24107 12.7671 16.5988 -1.87044 8.70771 0.382607
8.21545 12.7471 16.612 -1.27841 6.14411 2.24115
8.1892 12.7308 16.6266 2.2516 -0.222087 2.45718
8.16481 12.7147 16.6427 11.3705 -3.09843 1.41414
8.14771 12.6968 16.6597 17.1624 -2.10581 0.882804
8.14133 12.6774 16.6772 13.4887 -2.41952 1.16227
8.1434 12.6566 16.6955 3.03896 -1.17087 0.444082
8.14763 12.6354 16.7139 -4.25864 5.4402 -1.04935
8.14943 12.6178 16.7317 -5.46798 11.2546 -1.72979
8.14762 12.6071 16.7484 -6.75586 10.7699 -2.2368
8.14144 12.6032 16.7635 -6.67718 4.17386 -2.67544
8.13143 12.602 16.777 2.48664 -1.5825 -1.75712
8.12327 12.6002 16.7893 15.2181 -0.7789 -0.689954
8.12457 12.598 16.8011 19.2395 0.888101 0.0720151
8.13785 12.5962 16.813 12.7557 2.49521 0.575771
8.15942 12.5964 16.825 5.53728 8.5488 -2.08257
8.18494 12.6021 16.8357 3.58748 13.4853 -5.35772
8.21254 12.6162 16.843 -2.2657 9.7257 -5.46852
8.23842 12.636 16.8467 -11.3426 -3.89293 -5.09449
8.25752 12.6533 16.8471 -9.43945 -17.993 -5.20412
8.27092 12.6595 16.8442 1.06624 -20.1467 -4.30038
8.28472 12.6528 16.8384 6.82203 -15.333 -3.84215
8.3025 12.6361 16.83 3.76308 -11.9053 -4.52013
8.32239 12.6116 16.8188 -5.06545 -8.60851 -3.32814
8.33923 12.5817 16.8056 -9.1843 -0.357993 1.2775
8.35053 12.5516 16.7932 -5.2123 7.61321 4.08846
8.35836 12.5262 16.7832 -1.77613 9.40968 3.16843
8.36486 12.5066 16.7752 -1.08533 6.15849 -0.0701625
8.37071 12.4911 16.7671 0.597102 2.04277 -4.92767
8.37706 12.477 16.7557 4.08796 0.438117 -9.33886
8.38599 12.4633 16.7384 6.08751 -0.0903109 -11.2385
8.39869 12.4494 16.714 4.19531 -1.652 -10.3839
8.41396 12.4346 16.6828 -0.838861 -2.31124 -7.20921
8.42874 12.4184 16.647 -4.58478 0.950683 -3.19709
8.44078 12.403 16.609 -3.82599 6.19438 -0.623328
8.45038 12.3915 16.5705 -1.89309 9.40546 0.136133
8.45856 12.386 16.5321 -3.03482 9.3378 0.0655524
8.46462 12.3864 16.4937 -6.43511 5.74591 -0.286443
8.46666 12.3905 16.4552 -6.69027 0.509132 -0.0140572
8.46454 12.395 16.4167 -3.28292 -1.98966 1.99232
8.46013 12.3984 16.3796 -2.26747 -1.53887 4.77931
8.45398 12.4009 16.3456 -6.07725 -0.353337 6.32199
8.44375 12.4031 16.3155 -11.7895 1.23582 5.42216
8.42594 12.4062 16.289 -15.3627 2.92772 3.05475
8.39825 12.4111 16.2644 -15.7641 3.31638 1.51805
8.36034 12.418 16.241 -14.4179 1.91894 2.05136
8.31306 12.4262 16.219 -11.9017 -0.235556 4.19169
8.25811 12.4343 16.1998 -6.89627 -1.76556 6.23535
8.19885 12.4413 16.1844 1.87301 -1.38607 5.93235
8.14091 12.4475 16.1728 12.5329 1.70641 2.74222
8.09103 12.455 16.163 21.0884 6.6117 -0.763152
8.05467 12.4667 16.1528 24.6164 10.6786 -1.54666
8.03406 12.4853 16.1418 21.9224 10.948 0.781416
8.02752 12.5107 16.1313 14.5288 6.83825 3.33114
8.0305 12.5407 16.1228 7.62989 2.22715 2.60421
8.03871 12.5722 16.1158 4.7488 0.70118 -0.646178
8.05015 12.6044 16.1085 4.21714 0.781634 -3.51396
8.06436 12.637 16.0989 3.71874 0.153315 -4.6055
8.08098 12.6697 16.0864 2.8239 -1.06008 -3.29168
8.09951 12.7018 16.0719 2.83835 -0.853186 0.123902
8.12001 12.7336 16.0575 4.41975 1.87082 3.40505
8.1434 12.7666 16.0451 5.49047 5.50384 4.74018
8.17026 12.8032 16.0358 3.92467 7.67577 4.7787
8.19959 12.8448 16.0296 0.0589469 7.11743 5.19476
8.22898 12.8909 16.0269 -4.12363 4.16628 6.79023
8.25577 12.9397 16.0286 -7.01602 0.264485 8.94321
8.2781 12.9888 16.0362 -8.17065 -3.19572 10.3569
8.29521 13.0359 16.0504 -7.75245 -5.52801 10.255
8.30733 13.0795 16.0713 -6.09699 -6.84796 8.69638
8.31551 13.1188 16.0979 -3.92261 -7.86239 6.13076
8.3211 13.1529 16.1285 -2.27128 -9.3025 3.14268
8.32514 13.181 16.1612 -2.23084 -11.1459 0.588933
8.32761 13.2018 16.1944 -4.14428 -12.1172 -0.484047
8.32736 13.2149 16.2275 -6.24293 -10.5266 0.508287
8.32319 13.2213 16.2611 -5.50499 -6.84829 2.81578
8.31554 13.2231 16.2965 -2.36183 -3.98157 4.75508
8.30627 13.2222 16.335 -0.181588 -3.44932 4.83802
8.29676 13.219 16.3765 0.0752126 -4.51903 1.71648
8.2873 13.2128 16.4191 0.514181 -5.82916 -4.65462
8.27826 13.2028 16.4587 2.69639 -6.58085 -11.1218
8.27098 13.1885 16.4913 5.13102 -6.93888 -12.9133
8.26692 13.1697 16.5159 5.11653 -5.46951 -7.95223
8.26602 13.1476 16.5354 1.86455 1.65718 -2.26794
8.26628 13.1268 16.5529 -2.55531 11.3235 -5.14178
8.26491 13.1129 16.5669 -6.18871 14.6807 -11.9885
8.25961 13.1083 16.5734 -7.56185 10.8246 -12.8424
8.24962 13.1106 16.5718 -3.86724 5.10473 -7.67666
8.23733 13.1164 16.5652 3.87489 1.93566 -2.78689
8.22747 13.1237 16.5565 10.348 1.23462 -1.92666
8.2241 13.1317 16.5464 11.7815 -0.0796431 -3.83386
8.22811 13.1395 16.5338 7.13101 -3.95831 -5.51254
8.23648 13.1448 16.5178 -3.11119 -7.21884 -3.24731
8.24293 13.1458 16.4999 -11.1798 -2.4839 5.41143
8.24269 13.1455 16.4856 -8.8779 6.91546 14.3572
8.23677 13.1493 16.4804 -3.81893 10.0807 18.0488
8.22814 13.1592 16.4867 -1.98679 4.24668 17.4017
8.21823 13.1717 16.5042 0.958351 -5.895 12.4038
8.20925 13.1807 16.5298 9.10945 -11.0528 6.40194
8.20601 13.1827 16.56 13.6051 -12.6966 5.52605
8.21098 13.1763 16.594 6.02948 -13.2616 8.06714
8.21979 13.162 16.6333 -3.32242 -2.12624 7.48535
8.22713 13.1464 16.6772 -1.79108 12.3018 1.42026
8.23322 13.1381 16.7221 -1.20033 14.3685 -5.76444
8.23821 13.1386 16.7636 -5.8289 4.22549 -9.31371
8.23986 13.1417 16.7993 -2.72665 -7.44158 -7.7006
8.2401 13.1404 16.8301 7.06379 -10.0362 -6.42152
8.24474 13.1329 16.8566 13.0131 -7.55929 -8.81081
8.25757 13.1203 16.8773 12.7484 -6.37123 -12.0183
8.2785 13.1034 16.8904 6.95963 -7.61818 -12.5077
8.30386 13.0816 16.8955 -2.00901 -6.74929 -8.93057
8.32817 13.0555 16.8949 -7.37408 -0.690003 -3.40275
8.34805 13.029 16.892 -7.1302 5.30138 0.472988
8.36331 13.0056 16.8892 -6.73624 6.92611 1.47455
8.37406 12.9864 16.8872 -8.65759 4.5772 -0.186841
8.3792 12.9701 16.8851 -10.0821 -0.0124631 -3.13796
8.37795 12.9538 16.881 -8.0221 -3.88855 -4.33264
8.37156 12.9351 16.8742 -3.9557 -4.28985 -2.12473
8.36248 12.9136 16.8661 -1.13971 -1.56754 1.78008
8.35253 12.8912 16.8591 -0.306961 2.25596 5.32229
8.34231 12.8702 16.8555 -0.391767 5.48615 7.59083
8.33182 12.8526 16.8568 -0.360122 6.88863 8.20098
8.32109 12.8393 16.8634 0.0198299 5.85513 7.07132
8.31034 12.8297 16.8745 0.237187 2.4295 4.65219
8.29969 12.8217 16.8887 -0.403612 -2.32058 2.17345
8.28871 12.8121 16.9044 -1.86623 -6.27966 1.04067
8.27651 12.7986 16.921 -3.03098 -7.62873 1.69476
8.2624 12.7802 16.9387 -2.54348 -5.79984 3.43506
8.24673 12.7581 16.9586 0.224416 -1.25721 5.03775
8.23128 12.7353 16.9818 4.62515 4.7625 5.83673
8.21884 12.7156 17.0089 8.9256 10.7154 6.21973
8.21213 12.7028 17.04 11.2171 15.0979 6.45758
8.21257 12.6997 17.0753 10.2551 16.4264 5.62193
8.21955 12.7071 17.1141 6.30099 14.0112 2.50889
8.23059 12.7235 17.1545 1.21455 8.88462 -3.02037
8.2425 12.7458 17.1929 -2.56321 3.3357 -9.44396
8.25288 12.7703 17.2251 -3.79933 -1.20521 -14.7345
8.26088 12.794 17.2478 -2.99453 -4.54111 -17.3953
8.26697 12.8149 17.2594 -1.17415 -6.60242 -16.1881
8.27233 12.8315 17.2606 1.1384 -7.01762 -10.9116
8.27844 12.8437 17.2548 3.76646 -5.36106 -3.27049
8.287 12.8524 17.2469 6.09568 -2.21216 3.89177
8.29949 12.8597 17.2413 7.26787 1.12922 8.59453
8.31664 12.8677 17.2413 6.92707 3.66674 10.7443
8.33823 12.878 17.2482 5.05925 4.69245 11.4357
8.36303 12.8912 17.2625 1.68685 3.41989 11.6425
8.38884 12.9066 17.2844 -2.879 -0.783577 11.3057
8.41273 12.9212 17.3136 -7.79651 -7.12645 9.46376
8.43152 12.9312 17.3488 -11.9642 -12.7855 5.08805
8.44256 12.9331 17.3871 -14.4649 -14.4323 -1.47394
8.44426 12.9258 17.4244 -14.5838 -11.1931 -7.8596
8.43657 12.9113 17.4567 -11.9534 -5.67176 -11.8029
8.42121 12.8931 17.4813 -7.24889 -1.19048 -13.1476
8.40118 12.874 17.4973 -1.87138 1.39507 -12.9324
8.37996 12.8559 17.5049 3.25625 3.38545 -11.7502
8.36089 12.8401 17.5049 7.71104 6.05246 -9.46198
8.34683 12.8283 17.4988 10.8591 9.46267 -5.9915
8.33978 12.8227 17.4888 11.7057 12.6275 -2.06915
8.34022 12.8253 17.4774 9.39144 14.3994 0.813173
8.34665 12.8371 17.4665 4.37989 14.2031 1.74882
8.35588 12.8581 17.4567 -1.17726 11.5733 1.6029
8.36441 12.8864 17.448 -5.05114 5.61363 1.87407
8.36978 12.9181 17.4406 -5.65931 -2.89044 2.87597
8.37163 12.9479 17.4351 -2.77522 -10.2072 3.61103
8.37171 12.9711 17.4319 0.873315 -13.3903 2.66273
8.37222 12.9857 17.4303 2.05255 -12.7795 0.452606
8.37394 12.9921 17.4291 1.02987 -9.40075 -0.44157
8.37637 12.9924 17.4278 0.830286 -4.24725 0.800692
8.37943 12.9898 17.427 2.03762 0.163238 1.98279
8.38378 12.9873 17.4274 2.90139 2.03219 1.88443
8.38995 12.986 17.429 2.75984 1.62625 1.1229
8.39786 12.9857 17.4313 1.88167 0.0465471 0.636971
8.40693 12.9854 17.4341 0.20358 -1.85621 0.930267
8.41603 12.9839 17.4375 -2.54469 -3.66945 1.7121
8.42339 12.98 17.442 -6.10054 -5.00968 2.08608
8.42674 12.9729 17.4478 -9.55818 -5.2536 1.4636
8.42391 12.9625 17.4545 -11.7883 -3.77962 0.363456
8.4135 12.9498 17.4614 -12.0427 -0.702978 -0.0269209
8.39537 12.9367 17.4684 -10.4731 2.69543 0.60369
8.3705 12.9253 17.4757 -7.99064 4.82044 1.21702
8.34051 12.917 17.4837 -5.35175 5.07403 0.715794
8.30712 12.912 17.4922 -2.79791 3.92145 -0.745879
8.27198 12.9095 17.5001 -0.85675 2.06962 -1.8666
8.23629 12.9083 17.5068 -0.696007 -0.148075 -1.7449
8.20012 12.9071 17.5125 -2.83599 -2.11623 -0.913537
8.16214 12.9045 17.5175 -5.8979 -2.65951 -0.246959
8.1205 12.9004 17.5223 -7.23929 -1.56762 0.065287
8.0744 12.8952 17.5271 -5.31332 -0.192551 0.202296
8.0251 12.8898 17.5321 -0.306364 0.571017 0.561048
7.97581 12.8849 17.5375 6.62575 1.40548 1.58611
7.93091 12.8809 17.5439 12.8678 2.73347 2.92313
7.8943 12.8787 17.5522 15.3166 3.92979 3.5582
7.8675 12.8791 17.5627 13.163 5.07369 2.8587
7.84923 12.8828 17.575 8.85405 6.85466 1.02662
7.83681 12.8909 17.5879 5.03004 8.1491 -1.2311
7.82773 12.9043 17.6 2.25568 6.94903 -3.14168
7.82022 12.922 17.6102 1.24854 3.29742 -3.47262
7.81369 12.9419 17.6182 3.03188 -0.473856 -1.70729
7.80924 12.9616 17.6251 6.44584 -2.46529 0.398796
7.80894 12.9797 17.6321 8.81807 -3.31431 0.661318
7.81426 12.9956 17.6395 8.41273 -4.35569 -0.790539
7.82494 13.0087 17.6464 5.6374 -5.31364 -2.1644
7.83929 13.0184 17.6519 2.19933 -5.42946 -2.70165
7.85509 13.0245 17.6557 -1.11766 -5.32036 -3.17507
7.87021 13.0272 17.6573 -3.74905 -5.43224 -3.58265
7.88298 13.0263 17.6568 -4.55433 -4.82592 -2.34968
7.89285 13.0223 17.6548 -4.40294 -2.99962 1.05956
7.89978 13.0164 17.6535 -5.3239 -0.541156 4.87436
7.90317 13.0102 17.6553 -7.45513 2.51306 7.42489
7.90174 13.0057 17.662 -8.48864 6.41573 8.47002
7.89494 13.0053 17.6741 -6.19695 9.90644 8.22265
7.88423 13.0113 17.6915 -1.20819 11.0593 6.17566
7.87272 13.0244 17.7128 4.13069 9.97632 1.94037
7.8638 13.044 17.7354 7.76845 8.21349 -3.282
7.85978 13.069 17.756 8.13569 6.55686 -7.41549
7.86089 13.0984 17.7718 4.91635 5.32674 -9.66783
7.86511 13.1314 17.7814 -0.0416822 5.16392 -10.8806
7.86938 13.1678 17.7839 -4.03955 5.45749 -11.5536
7.87111 13.2078 17.7789 -6.08623 3.85759 -11.0682
7.86897 13.2502 17.7668 -6.21627 -1.03147 -9.30791
7.86288 13.2919 17.7485 -3.7471 -7.60411 -7.45039
7.85446 13.3288 17.7253 1.02924 -12.5244 -6.51544
7.84669 13.3577 17.6977 5.71773 -14.2467 -6.04287
7.84251 13.3775 17.6661 7.98277 -13.6601 -4.75836
7.84338 13.3886 17.6314 7.23388 -11.2254 -2.09501
7.8489 13.3924 17.5953 4.75553 -6.42318 1.02546
7.85756 13.3921 17.5597 2.42604 -0.70028 3.33225
7.86786 13.3912 17.5262 0.734949 2.31459 4.94676
7.87871 13.3915 17.4959 0.0788743 0.808739 6.51816
7.88979 13.3923 17.4697 2.16724 -2.68377 7.86459
7.90243 13.3914 17.4485 6.13123 -4.65729 8.40831
7.91901 13.3875 17.4328 8.28038 -5.21835 7.53083
7.94086 13.3803 17.4218 6.84288 -5.06134 5.73205
7.96716 13.3698 17.4147 4.01655 -2.71983 5.24771
7.99627 13.3576 17.4111 3.17914 1.33846 6.71194
8.0276 13.3462 17.4118 3.62198 3.84296 7.75202
8.06131 13.3371 17.4176 3.08043 3.17108 6.85144
8.09705 13.3299 17.4277 1.64649 0.0570036 4.70085
8.13392 13.3227 17.441 0.0803473 -3.66968 2.87339
8.17086 13.3132 17.4562 -2.13965 -6.48345 2.26654
8.20641 13.2995 17.473 -5.37016 -7.93089 2.36425
8.2385 13.2806 17.4913 -8.47667 -8.03791 1.99471
8.26517 13.2565 17.5109 -9.96338 -6.95163 0.563326
8.28548 13.2279 17.5308 -9.29002 -4.93279 -1.57703
8.29981 13.1961 17.5498 -7.15352 -2.38339 -3.58926
8.3095 13.1626 17.5664 -4.61524 0.026007 -4.83668
8.31615 13.1291 17.58 -2.49855 1.53786 -5.32304
8.32114 13.0965 17.5901 -1.2109 1.77518 -5.40134
8.32528 13.065 17.5966 -0.875961 0.854481 -5.2312
8.32881 13.034 17.5998 -1.34884 -0.805358 -4.72974
8.33145 13.0024 17.6 -2.18495 -2.66374 -4.03226
8.33267 12.969 17.5974 -2.71032 -4.1263 -3.47101
8.33216 12.933 17.5926 -2.42336 -4.67984 -2.94278
8.33011 12.894 17.5859 -1.512 -3.85742 -1.71791
8.32707 12.8525 17.5781 -0.493915 -0.977021 0.728179
8.32369 12.8106 17.5709 0.402202 4.83175 4.07804
8.32058 12.7719 17.5663 1.29167 13.6551 7.02743
8.31831 12.7422 17.5662 1.99679 22.8059 8.1672
8.3173 12.7271 17.5714 2.09707 27.3626 7.28689
8.31764 12.7295 17.5812 1.67138 24.6612 5.09748
8.31906 12.7478 17.5943 1.13388 16.6244 2.32893
8.32123 12.7769 17.609 0.48981 7.15572 -0.198636
8.3237 12.8107 17.6236 -0.503026 -1.04397 -1.90937
8.32582 12.8441 17.6371 -1.6992 -6.57094 -2.92166
8.32686 12.8733 17.6486 -2.48313 -8.34914 -3.53117
8.32634 12.8974 17.6579 -2.02178 -6.28418 -3.73068
8.32459 12.9174 17.6647 0.110744 -2.17084 -3.22119
8.32297 12.9361 17.6695 3.24347 1.21849 -1.85886
8.32343 12.9554 17.6732 5.7786 2.22315 -0.0115552
8.32756 12.9761 17.6768 6.28229 1.30746 1.61379
8.33568 12.9976 17.6814 4.39755 0.0595933 2.32831
8.3466 13.0193 17.6875 0.941601 -0.449282 1.73459
8.35814 13.0407 17.6946 -2.61964 -0.597154 -0.0179002
8.36804 13.0617 17.7018 -5.07063 -1.5156 -2.2446
8.37471 13.0816 17.7074 -6.02471 -3.62767 -4.06097
8.37751 13.0991 17.7105 -5.55582 -6.29901 -4.68341
8.37676 13.1126 17.7107 -3.73731 -8.25627 -3.80735
8.37361 13.1208 17.7083 -1.08349 -7.94078 -2.0534
8.36972 13.124 17.7046 1.04191 -4.96333 -0.806978
8.36642 13.1239 17.7003 1.58447 -0.944203 -0.857806
8.36409 13.1232 17.6954 0.894042 1.99243 -1.71468
8.36233 13.1237 17.6894 0.00753409 2.94824 -2.53443
8.3606 13.126 17.6817 -0.57998 2.15039 -2.88295
8.35849 13.1297 17.6722 -0.989757 0.338371 -2.68598
8.35574 13.1336 17.6609 -1.39484 -1.64769 -2.1562
8.35206 13.1365 17.6482 -1.80967 -2.98057 -1.54974
8.34719 13.1374 17.6345 -2.35574 -2.96294 -0.970135
8.34075 13.1366 17.62 -3.30916 -1.3 -0.40357
8.33209 13.1349 17.6053 -4.87607 1.39297 0.248144
8.3202 13.1341 17.5908 -7.09187 3.38927 1.174
8.30363 13.1354 17.577 -9.46922 2.65454 2.43595
8.28094 13.1383 17.5648 -9.89319 -1.264 3.34774
8.25199 13.1403 17.5546 -5.8331 -5.20124 2.79209
8.21936 13.1391 17.5463 1.32117 -4.83192 0.979982
8.18748 13.135 17.5385 7.17818 -1.10717 -0.430481
8.1601 13.1301 17.5306 10.1224 0.828043 -0.568159
8.13918 13.1254 17.5223 10.5548 -1.04669 0.22967
8.12497 13.1201 17.5141 7.53771 -3.89732 1.13861
8.11545 13.1123 17.5066 0.332376 -3.73183 0.590272
8.10604 13.1024 17.4994 -8.77243 0.906475 -2.56254
8.09102 13.0931 17.4904 -15.1673 8.14959 -6.35864
8.06633 13.0891 17.4775 -16.7636 13.422 -6.88475
8.03078 13.0935 17.4602 -15.8293 11.9778 -3.59783
7.98494 13.1053 17.4405 -12.8428 3.35064 -1.80811
7.93087 13.1194 17.4192 -5.71431 -5.52277 -6.35926
7.87314 13.1302 17.3937 3.6539 -7.42705 -13.1827
7.81766 13.1364 17.3597 11.684 -4.73905 -15.557
7.76967 13.1394 17.3158 17.8844 -3.52099 -11.9692
7.73322 13.14 17.2643 21.7603 -5.94749 -3.7058
7.71067 13.1365 17.2105 19.7477 -9.97316 6.97515
7.70054 13.1267 17.1611 9.29883 -10.857 14.7254
7.6964 13.1103 17.1208 -2.49594 -4.09156 14.1675
7.69111 13.0913 17.0895 -6.37139 5.52679 9.71268
7.68172 13.0755 17.0649 -8.70012 6.8066 9.17612
7.66661 13.0635 17.0464 -10.5703 -2.8239 11.1459
7.64527 13.0497 17.035 -0.92774 -10.8636 10.9464
7.6236 13.0296 17.0307 13.3052 -5.58024 8.10782
7.61013 13.0062 17.0317 18.8811 4.29766 5.09206
7.60854 12.9852 17.036 15.3366 8.167 3.43273
7.61667 12.9692 17.0427 6.04128 6.14771 3.17143
7.6286 12.9573 17.0515 -5.69877 4.27879 3.69424
7.63694 12.9484 17.0627 -14.7333 6.25383 3.85862
7.63597 12.9437 17.0763 -17.8089 9.70624 2.49399
7.62362 12.9452 17.0914 -16.089 10.306 -0.726648
7.60097 12.9533 17.1059 -10.6528 7.33373 -5.37281
7.57154 12.966 17.1169 -2.97327 3.97519 -10.1307
7.54009 12.9815 17.1215 2.56326 2.21889 -11.7902
7.51016 12.9983 17.1186 3.89268 0.297035 -8.24871
7.48263 13.0153 17.1104 1.50037 -2.32337 -1.42593
7.456 13.0308 17.1013 -3.28158 -2.61743 4.09336
7.42735 13.0449 17.0947 -6.94071 0.848591 5.76304
7.39438 13.0594 17.0918 -7.57493 4.06831 5.70904
7.35665 13.0763 17.0926 -5.9823 3.02528 6.19158
7.31523 13.095 17.0975 -1.61538 -0.898883 6.69283
7.27301 13.1132 17.1067 5.14118 -3.09944 6.1651
7.23418 13.1294 17.1198 10.4396 -2.39557 4.85386
7.20203 13.1441 17.1361 11.3239 -2.03115 3.70978
7.17716 13.1572 17.1548 8.19495 -4.00217 3.61127
7.15764 13.1677 17.1759 3.92001 -5.89565 5.25408
7.14086 13.1744 17.2005 1.89048 -5.27423 7.41892
7.12549 13.1777 17.2296 2.09913 -4.16949 7.44692
7.11158 13.1782 17.2634 3.46164 -3.63128 4.11655
7.10005 13.1765 17.2996 6.15705 -1.24468 -1.24743
7.09259 13.174 17.335 8.96896 2.31233 -5.0758
7.0909 13.1729 17.3672 9.69142 2.4464 -4.75695
7.09526 13.1731 17.3963 5.19952 -1.01285 -1.51435
7.10269 13.1729 17.4242 -4.66658 -1.20682 -1.03757
7.10719 13.1722 17.451 -11.979 4.54673 -5.55153
7.1042 13.1744 17.4741 -13.1047 8.63875 -8.78889
7.09285 13.1819 17.4917 -10.5353 5.85501 -6.98547
7.07496 13.1929 17.5048 -2.61189 -0.517081 -2.96227
7.05567 13.2037 17.5157 9.25673 -3.49941 -0.721529
7.04228 13.2125 17.5261 17.0249 -2.26117 -1.07133
7.0396 13.2197 17.5356 16.6424 -1.45094 -2.34743
7.04753 13.2257 17.5436 11.3139 -3.68779 -3.38678
7.06286 13.2293 17.5493 6.82476 -7.43812 -4.32009
7.08275 13.228 17.5522 5.61129 -9.40807 -5.22553
7.10631 13.2208 17.5517 6.10279 -8.18616 -5.53418
7.13375 13.2085 17.5477 6.82262 -4.48827 -4.53928
7.16551 13.1933 17.5408 7.24152 0.0386297 -1.77691
7.2018 13.1781 17.5328 6.68487 3.56028 2.34485
7.24218 13.1652 17.5265 4.2659 4.85687 6.25115
7.28505 13.1555 17.5241 -0.190138 3.84935 7.9118
7.32757 13.1482 17.5267 -5.4369 1.65987 6.3516
7.36642 13.142 17.5333 -9.35283 -0.169598 2.64405
7.39916 13.1358 17.5416 -10.6452 -1.49777 -1.1044
7.42491 13.1286 17.5492 -10.1841 -4.01281 -4.03924
7.44394 13.1187 17.5542 -9.14898 -8.49136 -6.43255
7.457 13.1032 17.555 -6.8468 -13.0038 -7.77809
7.46567 13.0795 17.5508 -2.43421 -14.2172 -7.12427
7.47276 13.0468 17.5421 2.69876 -10.8978 -4.9512
7.48151 13.0073 17.5302 6.30422 -5.22542 -2.47664
7.49424 12.9644 17.5167 7.66872 0.344117 0.112339
7.51186 12.9218 17.5033 7.57682 5.02929 2.52437
7.53434 12.8825 17.4916 6.58525 7.9743 3.81812
7.561 12.8484 17.4823 4.52227 8.30181 3.88351
7.59051 12.8196 17.4755 1.41446 6.48046 3.16481
7.62088 12.7951 17.4707 -1.78846 4.07211 1.79522
7.6501 12.7734 17.4671 -3.89961 2.42063 -0.000434873
7.67683 12.7533 17.4635 -4.57336 1.76977 -1.63517
7.7006 12.7344 17.4589 -4.25932 1.59222 -2.75183
7.7216 12.7165 17.4525 -3.55724 1.44165 -3.50207
7.74027 12.6996 17.4438 -2.84198 1.24616 -4.18394
7.75708 12.6835 17.4324 -2.23622 1.07977 -4.89105
7.77244 12.6681 17.4178 -1.76106 0.955634 -5.48402
7.78666 12.6533 17.3996 -1.48992 0.752159 -5.74177
7.79991 12.6389 17.3776 -1.50674 0.277609 -5.3884
7.81217 12.6247 17.3521 -1.88203 -0.615559 -4.22824
7.82322 12.61 17.3238 -2.51734 -1.72189 -2.33695
7.83264 12.5942 17.294 -3.22807 -2.41894 -0.279794
7.83998 12.5769 17.2638 -3.7864 -2.04499 1.20144
7.84487 12.5582 17.2343 -4.01616 -0.36445 1.78654
7.84717 12.5392 17.2059 -3.95723 2.11786 1.90682
7.84688 12.5216 17.1786 -3.95914 4.42148 2.4698
7.84399 12.5068 17.153 -4.04332 5.43217 4.12823
7.83847 12.4953 17.1299 -3.31155 4.52922 6.39529
7.83088 12.4867 17.1109 -0.700154 2.4322 7.66473
7.82286 12.4797 17.0968 3.06151 0.517105 6.91388
7.81675 12.473 17.087 5.81077 -1.03299 4.45604
7.81429 12.4656 17.0801 6.07005 -2.58866 1.07661
7.81566 12.4565 17.0738 3.77895 -3.12455 -2.0947
7.81945 12.4455 17.0663 0.383732 -0.422048 -3.67911
7.82362 12.4344 17.0564 -1.21155 6.10226 -3.39506
7.82712 12.4272 17.0442 -0.914516 12.6359 -2.77042
7.82989 12.4279 17.0301 -3.45031 13.4877 -2.29862
7.83025 12.4371 17.0146 -8.04401 6.30378 1.17416
7.8188 12.463 16.9889 3.33115 -3.56909 5.64026
7.81352 12.4734 16.9814 4.3859 -4.63269 2.14107
7.8108 12.4807 16.9754 0.253836 -7.53289 0.672557
7.80825 12.4832 16.9698 -3.67667 -9.35301 1.67775
7.80347 12.4797 16.9655 -4.1518 -8.03727 3.93971
7.79607 12.471 16.9637 -2.52595 -4.89637 6.62319
7.78693 12.4591 16.9662 -1.41627 -2.16689 8.89942
7.77682 12.4456 16.9745 0.0143407 -0.718766 9.92448
7.76679 12.4315 16.9893 3.39377 1.2715 9.91255
7.75893 12.4184 17.0106 6.56168 4.42372 9.51731
7.75517 12.4079 17.0383 7.01575 6.27984 8.45159
7.75586 12.4014 17.0715 4.82398 5.09677 5.43533
7.75963 12.3981 17.1083 1.23192 1.9135 -0.43989
7.76422 12.3961 17.1448 -2.54741 -0.532521 -7.61229
7.76719 12.3938 17.1766 -5.70679 -0.817232 -12.2891
7.76649 12.391 17.2008 -7.8302 -0.0382579 -11.8188
7.76075 12.3882 17.2176 -8.28901 0.233763 -6.79383
7.74971 12.3855 17.2301 -5.64744 0.143282 -0.663961
7.73514 12.383 17.242 0.555952 1.88253 1.82135
7.72091 12.3819 17.2548 7.35316 6.60888 -0.805359
7.71131 12.3851 17.2671 11.6201 12.2742 -5.28508
7.70913 12.3963 17.276 13.0836 15.9104 -8.34366
7.71541 12.4177 17.2796 12.605 15.371 -8.96496
7.72988 12.449 17.2775 10.3913 10.0357 -7.16618
7.75106 12.4868 17.2708 5.93346 2.40862 -3.21281
7.77611 12.5264 17.262 0.167972 -1.87394 1.44436
7.8014 12.5653 17.254 -4.2952 -0.435373 4.45252
7.82402 12.604 17.2488 -7.24469 2.65925 4.79877
7.84199 12.6444 17.2467 -9.45285 3.61612 3.67582
7.85389 12.6872 17.247 -10.1025 2.40728 3.53455
7.8593 12.7316 17.2497 -9.08294 0.651084 5.66246
7.85881 12.7766 17.2562 -7.34138 -0.877524 9.06396
7.85351 12.821 17.2687 -5.50232 -2.33609 11.9491
7.84461 12.8641 17.2888 -3.5977 -3.85069 12.9459
7.83335 12.9047 17.3174 -1.49964 -5.2548 11.5061
7.82109 12.9419 17.3534 0.583659 -6.91333 7.66192
7.80914 12.9746 17.3944 1.78949 -9.42361 1.88662
7.79829 13.0011 17.4366 1.72423 -12.0074 -4.52807
7.78851 13.02 17.476 1.0679 -12.8622 -9.78294
7.77945 13.0305 17.5091 0.698233 -10.8517 -12.4547
7.77086 13.0342 17.5343 0.948672 -6.35502 -11.9064
7.7629 13.0337 17.5519 1.54593 -0.861268 -8.3411
7.75592 13.0326 17.5642 1.64122 3.78994 -2.78154
7.74991 13.0339 17.5747 -0.0880751 5.71213 2.31223
7.74372 13.0387 17.5864 -4.11994 4.07441 2.88423
7.73481 13.0461 17.5997 -8.50771 0.890189 -2.65711
7.72046 13.0541 17.6111 -10.6116 -0.775262 -9.59747
7.69935 13.0617 17.6165 -9.81529 -1.07058 -12.39
7.67192 13.0686 17.6141 -7.1864 -2.04002 -10.6465
7.63986 13.0741 17.6048 -3.71245 -3.7525 -6.82428
7.60541 13.0772 17.591 -0.0255142 -4.67071 -2.89445
7.57097 13.0773 17.5754 3.28711 -3.69857 0.218401
7.53867 13.0751 17.5598 5.89202 -1.19197 2.20086
7.51021 13.0721 17.5456 7.70973 1.34554 3.06584
7.48678 13.0699 17.5334 8.72216 2.59547 3.12898
7.46903 13.0693 17.5233 8.90856 2.24299 2.81577
7.45707 13.0702 17.515 8.32219 0.761135 2.43936
7.45053 13.0715 17.5083 6.99387 -1.24961 2.27697
7.4485 13.072 17.5031 4.58936 -3.5 2.50859
7.4494 13.0702 17.4996 0.604316 -5.56445 2.82437
7.45061 13.0648 17.4979 -4.61268 -6.11457 2.33985
7.44884 13.0556 17.4976 -9.3126 -4.24938 0.105005
7.44111 13.0437 17.4973 -11.7966 -1.5425 -3.79024
7.42582 13.0306 17.4945 -11.4095 -0.192347 -7.42956
7.40325 13.0174 17.487 -7.78823 0.157209 -8.22191
7.37573 13.0044 17.4744 -1.88677 1.23095 -5.99395
7.34696 12.9922 17.4578 3.54737 2.56718 -3.10304
7.32038 12.9816 17.4392 6.53875 2.40087 -1.00796
7.29795 12.9725 17.4199 7.04277 0.666365 0.681478
7.28005 12.9638 17.401 6.13741 -1.20332 2.45999
7.26615 12.9544 17.3838 5.03287 -2.11346 4.01499
7.25558 12.9436 17.3691 4.53881 -1.95633 4.84275
7.24803 12.9316 17.3576 4.96481 -0.892321 5.00853
7.24377 12.9191 17.3493 6.20413 0.93387 5.20689
7.24359 12.9072 17.3445 7.94812 3.31958 6.22814
7.24862 12.8976 17.3439 9.78589 5.76946 8.26583
7.26 12.8916 17.3486 11.0175 7.41141 10.7444
7.27849 12.8904 17.3604 10.5256 7.57777 12.518
7.30371 12.8941 17.3802 7.44679 6.54936 12.0074
7.33367 12.9021 17.4076 2.64998 5.10505 8.25393
7.36536 12.9133 17.4403 -1.68154 3.4014 2.64341
7.396 12.9268 17.4748 -4.42571 1.06678 -2.13543
7.42378 12.9409 17.5079 -5.62485 -1.84201 -3.80939
7.44795 12.9538 17.5388 -5.14169 -4.46807 -1.57745
7.46884 12.9638 17.5686 -2.79563 -5.94007 1.55788
7.48785 12.9699 17.5992 -0.878309 -6.77915 -0.397951
7.50607 12.9717 17.6292 -2.03161 -7.56551 -6.43097
7.52291 12.9685 17.655 -3.77246 -6.87242 -10.5952
7.53739 12.961 17.6741 -3.26713 -4.01286 -11.511
7.54981 12.9509 17.6858 -0.612784 -0.072733 -10.2479
7.56185 12.9408 17.6907 2.79983 3.02468 -7.38741
7.57567 12.9325 17.691 5.6827 3.20262 -2.99807
7.5931 12.9261 17.6893 7.23207 -0.767179 2.63998
7.61509 12.919 17.6894 6.42191 -7.68197 8.37582
7.64103 12.907 17.6948 2.07957 -13.7607 10.0582
7.66823 12.8863 17.7063 -2.8227 -14.517 4.04786
7.69374 12.8565 17.7202 -3.87821 -9.43345 -4.54268
7.71681 12.8207 17.7314 -2.04723 -2.3058 -10.0293
7.73848 12.7835 17.7361 -0.193725 3.6634 -11.5278
7.75988 12.7485 17.7335 0.0870491 6.76779 -9.92684
7.7812 12.7179 17.7245 -1.25233 6.1954 -5.74014
7.80167 12.6913 17.712 -2.09244 3.06783 1.0029
7.82091 12.6668 17.7002 0.450918 1.33692 7.96567
7.84049 12.6435 17.6933 4.52672 3.16073 10.2227
7.86281 12.6223 17.6929 5.97982 6.01246 8.12909
7.88887 12.6051 17.6978 5.37782 8.10853 5.43411
7.91837 12.5931 17.7062 4.6858 8.8613 3.47754
7.95084 12.5869 17.717 4.30377 7.71617 2.22657
7.98602 12.5856 17.7291 3.85321 4.7542 1.1682
8.02356 12.5874 17.742 3.04481 0.899618 -0.492199
8.06295 12.5898 17.7544 1.99887 -2.52049 -2.94075
8.1035 12.5906 17.7649 1.15708 -4.66354 -5.41753
8.14468 12.5884 17.7719 0.62672 -5.69568 -6.49904
8.18608 12.5825 17.7747 -0.677986 -6.39288 -4.90058
8.22676 12.5725 17.7745 -4.63562 -6.68787 -0.54196
8.26412 12.5583 17.774 -11.1702 -4.72824 4.4993
8.29413 12.5412 17.7762 -16.5724 0.624589 6.81415
8.31346 12.5247 17.7827 -17.6062 6.52374 4.845
8.32139 12.5122 17.7922 -15.8926 9.04963 0.405639
8.31889 12.5055 17.802 -14.2944 7.05513 -3.41831
8.30714 12.5032 17.8096 -11.3373 2.49191 -4.1693
8.28832 12.5027 17.8147 -3.28815 0.470517 -2.43541
8.26754 12.5028 17.818 7.15291 3.18081 -1.93436
8.25127 12.505 17.82 13.3266 6.76954 -3.45444
8.24341 12.5116 17.8198 13.5903 10.4575 -4.41973
8.24439 12.5251 17.8168 12.5554 15.1179 -3.22316
8.25353 12.5482 17.8117 10.4487 14.377 -1.14685
8.2693 12.5801 17.8058 5.77166 6.03196 -0.752027
8.28886 12.6158 17.7994 1.93759 -3.49069 -1.94939
8.30969 12.6494 17.7917 -0.937954 -9.43364 -2.82105
8.32979 12.6768 17.7822 -4.94144 -12.5637 -2.9645
8.34663 12.6962 17.7709 -8.77861 -13.6526 -3.08255
8.35785 12.7066 17.7575 -9.79057 -12.1983 -3.44047
8.36282 12.7093 17.7419 -7.74646 -8.75351 -3.62424
8.36278 12.7062 17.724 -4.65891 -5.16539 -3.18158
8.35966 12.6996 17.704 -2.3149 -3.15321 -2.22321
8.35495 12.6909 17.6827 -1.20828 -3.2597 -1.1154
8.34942 12.6799 17.6606 -1.08963 -4.7551 0.267338
8.34312 12.6659 17.6388 -1.88993 -6.26307 2.21154
